n: 10
K: 3
Q: 750

q: [
34.96 33.81 32.98 33.21 32.02 31.96 33.61 34.26 32.46 32.32
]

c: [
0.0000 0.1600 0.2800 0.3000 0.3100 0.2500 0.1600 0.2900 0.4100 0.4000 0.4950
0.1600 0.0000 0.1200 0.2000 0.2600 0.2250 0.1200 0.2500 0.3700 0.3500 0.4500
0.2800 0.1200 0.0000 0.0900 0.1500 0.1400 0.2250 0.2400 0.3500 0.3400 0.4350
0.3000 0.2000 0.0900 0.0000 0.0600 0.0500 0.1300 0.1500 0.2700 0.2500 0.3450
0.3100 0.2600 0.1500 0.0600 0.0000 0.0600 0.1500 0.1600 0.2800 0.2600 0.3650
0.2500 0.2250 0.1400 0.0500 0.0600 0.0000 0.0900 0.1000 0.2200 0.2000 0.3000
0.1600 0.1200 0.2250 0.1300 0.1500 0.0900 0.0000 0.1300 0.2500 0.2300 0.3300
0.2900 0.2500 0.2400 0.1500 0.1600 0.1000 0.1300 0.0000 0.1200 0.1000 0.1800
0.4100 0.3700 0.3500 0.2700 0.2800 0.2200 0.2500 0.1200 0.0000 0.0700 0.1500
0.4000 0.3500 0.3400 0.2500 0.2600 0.2000 0.2300 0.1000 0.0700 0.0000 0.0800
0.4950 0.4500 0.4350 0.3450 0.3650 0.3000 0.3300 0.1800 0.1500 0.0800 0.0000
]
